$ANSIBLE_VAULT;1.1;AES256
36636263653930613733323232633733336438333332303631346261363862366462646637323666
3835656362613162376163626161383861366236356336390a396362303733363039313561633137
61613338643437623432616461616338623461336166316361613738373664643664396262346264
3034646463363730640a653863623161393964303132376466643031353662633435643632643461
30393134616339343432306234643530343031623934303263646536363830623733623863383538
37383865313838653731373931323434653162336463636633346136393933653431663264656331
63613630313365313631383433633334376138316662363638383365336365663564666430336666
33343264353239336237323565306330303730383263313262653932336636323838393663663865
64393462653063623439653466653635316239613165663438353566356162613061636563343332
30666365343639376161346431616163393031386462623161653634333739353833363236376163
39653935363934626463363736333361393435653139343366333766656237373966313862633535
66643038346564393166383236623562333666376230666364393736323437386261343365396462
31386535353666326235656165336535376433313666306130616433623765656436333034386263
31613238393636346634323539343632636239393533646636623161643133623433356630376364
62353565396632333633326461316230653737323039306462623166666330363233343536666432
61333537393033313263366264306663623931616262663232336539386261396138643730653766
36346233306166643562313235643238323939366535373836313666336463386662333161653365
35386664666362613838373435623235623466623634333539633761306461616661353232303139
61323362376466396130393866326531336134396364383330663132666632303862383235353665
36633762396634656361336437633361326565306631646430363565363032396637373335336436
36316565336537373364643062636338326133353230656233616163616166306634313066616463
65363564663339306338643031613663383466343264333636323631386265313238626263633262
37326537626137363831313163303834333466353232623564653762353663316136656431306538
36386262623030316161636432633233633038653831393062633763393638613264646636346265
62656461343539333239653133303733633133316332356234616430653636303761363936363538
34343265643363393238633731303531623738303465363931643066346335303065316433333561
30616337376363363937333933353862626136346532383962636565363163323835343231386236
38303764623038346130303361656362336561396630643466386536366537613761333634653538
37306563326432386661336138396661343765303138313031363831353862393937633734643365
61313563343232653462376266316335663732646231316530303339316538333730323232626362
38616536643464313934383530363433363132663035356233616335333265616632333730376466
63343230373864343830663666663039396231623637346630663236623338643534386337656134
65653162613139616237373762646130646366316433306561623165636366636264666132623930
34653335666539386130393338613434303934393662343232633233373363393237383332363732
33613936623463616663303565383963353735356462666531386633626263383538376637373863
65393831386136346163333866613931366539333536303663326261343261623562653738333030
30356363666561636661646531623135633032393265636361613237376563626333623431653835
39356431303562336431616331643831313263353539396261306434323765343364376339366662
30346330343039303735333032643163366334306538373133343838336238343536376331383437
63653161363537343735376432313663313662373931383466633032366139353366623465666537
36366331393139376264373536653932303831326663303963303330376666396665633632656238
34343866326332326438653465653434323465313138346131393238656466393239646164393464
37336462613732313030316132653732666364353134613265323539333435303635396263343434
36636338353662346465636136336634646132333063383030303439666433363164386230306539
33353232346433653734383036313664666162313361613135306163396436336565323766376539
37633538656137356330613439643038323832356665613865383235643436653662643161613235
63353065323132326536653138383538333064343964336134666234636630323765333435336532
64383966306330343230623739663565643231333133383661363666313231326265306562663539
39656161373733643862656336363537343762656334306533613231303832373732663266646236
66343032613334323563323731613130383735336665363834303437333961313436393236313635
35613330643037346432353264363535313535383066636463663839643830383036336138373832
33643963623339616136356433336439633061653639633038623066386430316330656634383564
31393733313738343531326165393365616565636361313033656230383734356665333664356637
65623463646131356334313933316432616130383232336565333735313238643661346165616237
30626435316530356565653166666139633832333739613061363231666431666433373366666563
34623333643338653038643936643430376663386639313963656531633462363265373337303865
31313334366336646263323532303166636238633033313161656638373933316531643061316663
30343330313163383161643935373934393338383739326232363639333935373739303834616135
64336665666164326364346665643965373238316133393836623365623432396230323733366363
30393734613861303666653533343932303932616266353134336563616431633764376131653463
30653433356466363663333132356435383962313765336133633637343532373166333661373866
32363361653861316238323432373534623838353933333832383530366633313233303237633634
65396639393930653330353565383365643065363734643661303265376530353732313933633265
39303932656134343735323533623932613537343030326363343736376431303531396435363234
63316463623764616464313463333166386434616462653464346134616664363931613866323832
39343363396664326434343639643234336266666335656263653032323331343837376162626434
31333664353762383530643661316235396538663335613565393464636634626363323563656561
39363365306365363932623461306266643266386236306662636232363164343862616339626362
35313535366437623463666561333536643962343634363233386532636261663666623230373132
30303734613839626439356563393333613461303036646639363536633633366630356237613530
38643638363939366362376631393330626564393462663432383461356134626630666465316461
30323566343633366239306466303131363031613639323630363366343662396531396631393237
64613738336363323661626663613666303266393865653137376365336434306530623433303165
39643137663262623761313030333636336164663662313039666333316139366461306338363966
65386263666238653139333234646461396566636433356131663766326331333561383431663063
66653164663236353732313761653438646563336638633361343830613238613863383238326665
31376261366136316432626337373337353038376661383336626364393137303236373039633232
34356536313339383766373634633864376133323766396330616530616232643637316539666632
61663937633737333735356535616630393163656161303930356366386362386164653936333261
35653337316163663233613864313062363665626264363533316231663566613431656536386163
32386135303932303565396631316233356363663131353134336361323631396130353234396662
64666336346133616530623362666538633863393934613036663037636464616232663335663663
39633138306538323361653762656633376662623732343965376362386237376465303731653035
30343730383830346334623730306238306163646663313230633966333331366264346266353264
32326432613365663531343939363461653035303033636463313436333961306266353462663865
63303236663361366239663863383035366563353530653830313864633733323438666133613137
37653664383131616364333766366236303637316133656663363136313936646133313534623335
31643963626133633337666563633332333539643266646639396133646263333263343136383134
64363237613863333535643738666133663139613066346438303564353465363839633331393335
66313035313531626530396462656234636639346233303039386239323434373535623866326635
62363131653237316339636132316631626465306661663535316139653966363134643139643937
31663737646361346661363063306237306433363861326536393865323261303530623631323131
31656534653532663166303236383835373332626564353262396233383734366465316530353863
34383066666463643165643565303330616237323162633833646536313032333636363033313437
63366437336461363561353730656432346233613661623933316132306666356130326438616332
32373133393534386363383733313731626339333465306132323438633864623663393035653062
31646437623134633562666464383235303230656161366330316330653530393935396635386433
34343538623037353131386364363136333439313238333031313931353233623162623664373665
62373761313232613064643832613938336232396332303839666132613432663566363237663663
65313635373564623633383135383236373162393830623435616661616461323265313064663139
38333133326361373532376562613138306437656464303836616632336562396663313136396130
30303030333231616537393536653739366162313130363330633631313337346265393762383334
33616535646539393939316539373163313066323264303065326664303836323738663461386164
38306633306332663162376566663162656438393033333165396562303061396636656566336630
64636364653665303566373434346564363761663136343233316635376466633834323836643161
63626231616338363463646132643233636130306531373231623735393831303562363033353838
62636236323738373566613236303330656534376531363666633162396432623437643861666131
62643535663766313932333430646564323833626337643935613530303133303263383664653061
31323033623839383634373634303764626132396237626230333538383362376339343765333237
35333930313633636564396562633061636565373832376636396266313830336364613431303961
37633439646361623934373030343532316230336461633863653035383939343833353966646134
33303334386164613430356565396361326137336634373430363266653832656566336532373534
36373431313663373634373134643130383130303831643139356562383864613664363337386530
34666666393437376437303030656465333134636633646361616364323531386131306361353535
30343330336566323961663564343231373363333463323861346630623063363531626135616538
38636661373532356433313663376164393061643762613536333937313564623737366161643033
30316532393235663066393263343931626134303035343535393239386532663438326262613838
64663637343035393737333531313339346265393635323163353061343935363461346539666166
39356535363036313164393339633634343763646633316431623864653436313162393137623964
31376666313239323763643335323939356663366461316338653563303839333466633161333633
35643934306237396466336539363131643639663439366432393561613562646638633232386566
66326639656666353137393636616639626364303934353062396538363536393738653333636632
38353939373361336161383664333333323161376564613931373064356262383939643464393037
30626533626531636164353734623965373039303233643732613431653031346165353666353561
61353437356666663564616630666635353363366634313065666634653339356632643832653937
66383837663530333135343161626433356632313936663037336362616364346239646638626236
64346661353634646366396336653663323038313339623063386366306333636532396339346235
30653130343535303333616561636433633061363236626439353937396232313933306438643762
31646236373237376161333337336438356536333062346235643863343362326465646634623832
62303361356538633238343233393266363430633631346361343032373062633364636139353362
62326236643366613438366664643261653838653831363034316539653434386136313263336334
39373862653866336139363139313464633965616139393936336433376432373562396635636235
35323462623132353665313263313665303034306563333161613033323139663338613036386436
3631316463323639343763373537316164383261393461343833
